[{"instance_id": "random_43_191664964", "n_customers": 43, "depot": [50.0, 50.0], "customers": [[20.79595394425532, 31.760728857384358], [13.876877867475912, 76.70390874148198], [60.86265176275788, 6.905129330577687], [0.4133561376696293, 92.44746336808446], [60.99565819535755, 95.9337511907311], [26.635323050126512, 18.537868171391658], [64.11453516806944, 46.46382863227567], [37.512601299353264, 97.91739741347108], [22.839159481624517, 13.442955932585788], [23.417587441060395, 84.47075006939707], [20.99986101655157, 20.49849171304402], [88.23579074306022, 75.65353968063245], [39.789511358150506, 62.4146169158607], [9.055260187036485, 5.059533566125884], [53.51664731109389, 35.773280608510746], [63.67557488799831, 7.873950872649993], [66.57893910278842, 68.9862731806035], [57.83181397199421, 73.78350088001187], [47.634103388911875, 48.91047641450944], [78.38038102635933, 95.77720830979825], [74.0785677418455, 79.81704408985128], [16.004763789800023, 79.78012656400948], [25.374501668105744, 5.499487594197616], [44.05733156190044, 71.43998394447674], [7.029281899039419, 55.66075702704181], [49.733319648405214, 63.88859499841293], [36.047393865107104, 89.09691954828325], [92.17946889803662, 25.364887379204994], [19.84790469367074, 92.60673086813908], [85.44601885593623, 4.272139270228292], [26.771403156105787, 22.581586569867206], [8.380677251283641, 18.3629156143993], [94.40921378155669, 57.05458485378868], [30.17625596029919, 38.42940978784666], [25.001962547893296, 16.662636359831662], [77.74259748716422, 31.254382544630143], [99.65803753657345, 18.197661096550664], [90.84178890424121, 81.33207785108985], [72.14385209522631, 19.376576878847896], [24.924205329622705, 48.373919655589816], [90.47571657433744, 61.13639630602841], [98.67765399846216, 77.73227988497311], [45.22825590091172, 87.68370690894511]], "demands": [7, 5, 7, 10, 10, 2, 2, 2, 1, 1, 1, 4, 2, 4, 9, 1, 6, 7, 7, 2, 6, 10, 7, 9, 1, 1, 1, 1, 7, 7, 2, 1, 7, 1, 9, 2, 4, 6, 9, 10, 1, 3, 6], "capacity": 50, "distance_matrix": [[0.0, 34.43177773278499, 44.92191775374967, 44.44282935787485, 65.2734432668789, 47.23149370495416, 39.1889508429695, 14.550759806710516, 49.51779580301852, 45.54260344569129, 43.52995827933342, 41.368430623661055, 46.04432420931893, 16.07410313121426, 60.795700848377805, 14.654908834748863, 44.29024004898998, 25.205947533518177, 25.039812782875376, 2.604712732279413, 53.86092115662337, 38.32536422207593, 45.194380437790215, 50.859716598434744, 22.248330717260675, 43.34197485384607, 13.891155079397368, 41.51197822460867, 48.846661813881326, 52.1965742806173, 57.857216487286905, 35.935179230968906, 52.278801961057205, 44.96604759321536, 22.953417732641736, 41.66871357426033, 33.48208310601175, 58.96871587302529, 51.47573043061512, 37.79079556284006, 25.1284622616944, 41.979792220674675, 56.023150093621865, 37.98461936292717], [34.43177773278499, 0.0, 45.47266246714193, 47.150197262749494, 64.0182008409892, 75.72445455249121, 14.454835740186544, 45.74582628212754, 68.23599558323023, 18.43137254228289, 52.775176914553306, 11.264082900506885, 80.465585372971, 36.06128223367177, 29.168437049021342, 32.965805707765455, 49.08401017409919, 59.006973148827214, 56.01400089674003, 31.849648457821896, 86.10502821470699, 71.75267498027777, 48.257828993886406, 26.657379690113537, 45.9949450802719, 27.58138150475695, 43.23853508933392, 59.329968671848064, 71.66947045549254, 60.85338740016287, 70.251359065684, 10.952746067443085, 18.26582861676282, 77.83759486932318, 11.509186385861872, 15.672999248342151, 56.94889461079616, 80.0199039964854, 85.81222311709054, 52.82020318732197, 17.118427731493515, 75.61877517017791, 90.43750719262246, 61.02718126422506], [44.92191775374967, 45.47266246714193, 0.0, 84.13995813993871, 20.71535492454286, 50.89171150796668, 59.54885556482252, 58.63688818536582, 31.75940055770584, 63.89264935828453, 12.302396651892524, 56.65497147014232, 74.3663310860683, 29.59135744266893, 71.80643767325816, 56.97918603229399, 84.95571390534583, 53.26414513630314, 44.051846613162795, 43.72670986272681, 67.26434922149188, 60.28212898883915, 3.7404564681414145, 72.12672836043963, 30.63606844015449, 22.129252238245513, 38.07777151465756, 25.39918298801585, 93.63221067846032, 16.986845291319778, 101.82584726169947, 55.63716868845125, 58.59931484469542, 82.89483130462249, 41.60056485631702, 61.063261445438556, 78.38679464080006, 103.83346458471487, 77.10393945969508, 81.74021815572742, 30.407757655944838, 78.1647589049425, 84.8070113824701, 33.218441751437226], [44.44282935787485, 47.150197262749494, 84.13995813993871, 0.0, 104.74544502819062, 89.0287212141638, 36.15011263801402, 39.69213317678834, 93.9598733408895, 38.58146111711339, 86.13105341660712, 42.11676135384678, 73.99751795360751, 59.37491438724762, 51.84025506887375, 29.788150993465425, 2.975088517825269, 62.34375961298285, 66.94701306868058, 44.039115292212195, 90.5821023196175, 74.09998481126621, 85.57450166473147, 35.515977050218005, 66.68707706212977, 72.6301792849235, 58.06011878069936, 85.85620189432002, 36.35251989475212, 95.01038881745585, 24.723967608291815, 37.52285361131041, 53.718139535437764, 60.33522779069979, 43.99358073280356, 37.16447193747068, 29.62800532842108, 40.40548516012003, 80.23789210730072, 16.81673228931652, 54.87469820461107, 61.78967490849441, 80.2898477376892, 82.27765753562285], [65.2734432668789, 64.0182008409892, 20.71535492454286, 104.74544502819062, 0.0, 60.682530644257675, 78.42333715736011, 78.56420860276853, 37.50032226564975, 82.12568934716775, 24.34794884398601, 74.83621252673095, 89.41373436356447, 49.522252230388844, 87.81419464227012, 77.66545258295378, 105.61622667483367, 70.20193597136172, 60.37568049991892, 64.22825082439552, 78.03809436019327, 74.74015581889012, 20.088638935547195, 90.45998716210401, 48.4366677483512, 37.376894428270305, 56.991821898027744, 35.791211053118126, 113.67097893680769, 19.435201149258486, 122.4966999911445, 74.67253433096911, 74.5117334491387, 100.43842443874546, 61.67479483913444, 79.67395791516631, 98.61239632193407, 123.94571361419398, 91.10901847682133, 102.39442613072232, 50.43073451267434, 95.34994330354287, 99.35999627121667, 45.067378627910315], [47.23149370495416, 75.72445455249121, 50.89171150796668, 89.0287212141638, 60.682530644257675, 0.0, 84.68031258584178, 49.56814129570011, 23.566688641342147, 90.88811636519023, 39.28755268940366, 85.38232934532861, 33.96044463947356, 39.66400164151341, 104.67057071663893, 60.62357482432997, 88.10056972312842, 27.519803720186534, 22.37506422554418, 48.884757517304884, 17.385427621554935, 20.758390351304595, 47.802930537709244, 97.196825177504, 29.780052771198466, 67.33709103803311, 33.966635172419366, 25.868091541496117, 77.15176336021258, 41.28203825470006, 94.86659705237263, 80.94343511093452, 93.7313754927109, 51.264561560279205, 65.24250787872742, 87.0600699109295, 66.8122795906687, 86.81980925718862, 33.226501209266054, 77.36461184449348, 59.69160148208414, 45.606246819925936, 41.84765662972689, 17.795342249204573], [39.1889508429695, 14.454835740186544, 59.54885556482252, 36.15011263801402, 78.42333715736011, 84.68031258584178, 0.0, 46.73917637961346, 80.1213132993041, 6.353659462070316, 66.0113530979799, 5.9667811258622585, 84.00486623963917, 45.80613223606879, 22.15229365103537, 31.932194348351207, 38.54477121954892, 64.34698152466781, 63.445259706411015, 36.92484403767286, 92.97024626180229, 77.49837977741112, 62.15804857953217, 13.099199923396528, 55.697039722531215, 41.98220726220901, 50.89406518046285, 71.1840347847257, 65.89873478448553, 74.37920051422424, 60.5161876050117, 4.046007449500431, 18.25548415239678, 77.95407448535245, 20.20424791358256, 2.486837525320488, 52.6655792542669, 73.02350698112846, 89.80859105215657, 45.51625696544757, 29.88507808290193, 76.74783674191443, 93.24202822003878, 71.601984376926], [14.550759806710516, 45.74582628212754, 58.63688818536582, 39.69213317678834, 78.56420860276853, 49.56814129570011, 46.73917637961346, 0.0, 57.92350667800384, 52.85862911489753, 55.6845367352771, 50.32965178223248, 37.86653141760657, 29.088389955803265, 68.89005306545928, 15.05333996418914, 38.59237426785676, 22.65687081628795, 28.032785757953853, 16.661053898171506, 51.33540467622695, 34.80975332418676, 58.51944813432028, 56.38144581564289, 32.03279180275282, 57.821359657895954, 22.59296002602358, 51.04257891185576, 35.11133474062154, 63.942958958007345, 47.27759350420904, 44.326865379704174, 62.41733918332886, 32.09254850643679, 34.87633412146819, 49.17219130593763, 20.421834708618295, 45.41273816648281, 43.93336881987362, 28.252241289326125, 39.23685003365578, 30.169456860789253, 46.60820986721292, 45.34059891201832], [49.51779580301852, 68.23599558323023, 31.75940055770584, 93.9598733408895, 37.50032226564975, 23.566688641342147, 80.1213132993041, 57.92350667800384, 0.0, 85.73937927397063, 19.48029107742902, 79.16032814168268, 55.3942353362718, 35.575718439370355, 97.12055982887894, 64.17180644344107, 93.76739013084368, 41.01051014899743, 31.54861907475075, 50.0412141174393, 40.92378072972447, 40.800645734024144, 28.134456955912174, 93.21160613368623, 27.27429042555615, 52.104284069638226, 36.15667781710486, 8.941345681475388, 90.84235314722014, 18.44572268376927, 105.20003275364658, 76.09768546424894, 84.72062660923454, 70.04993905948643, 59.93865726457596, 82.21223920958222, 77.86148049372417, 101.0806193271179, 55.848680159728396, 85.83696186339859, 51.11774546511616, 64.48204108197073, 64.40964711379846, 12.816385889671672], [45.54260344569129, 18.43137254228289, 63.89264935828453, 38.58146111711339, 82.12568934716775, 90.88811636519023, 6.353659462070316, 52.85862911489753, 85.73937927397063, 0.0, 71.03014936522025, 7.291337599710088, 90.2600471449961, 51.82217679911621, 16.133122770803073, 37.94405960963408, 41.21439846218204, 70.69814999150917, 69.75290125030455, 43.27509968216364, 99.31644579421794, 83.85103778466939, 66.68829861268804, 8.338264162613628, 61.75650641543985, 45.080982225627906, 57.16693407763056, 76.79830510040105, 70.35773560442132, 79.22026803320847, 63.27497703649853, 9.948724050859816, 15.272645863626687, 83.81078003249904, 26.04142586339045, 3.878667188229974, 57.720312046838266, 76.9658836551452, 96.09001240116082, 49.66045278947504, 34.993137081520395, 82.76090931116538, 99.42129764208178, 77.5432830360305], [43.52995827933342, 52.775176914553306, 12.302396651892524, 86.13105341660712, 24.34794884398601, 39.28755268940366, 66.0113530979799, 55.6845367352771, 19.48029107742902, 71.03014936522025, 0.0, 64.01792905331874, 65.41515633505068, 27.468398250235005, 80.69955235737736, 57.24855401627029, 86.53193168111181, 45.854893978581345, 36.03548643987539, 43.02293233919604, 56.11367637788594, 50.8742754678688, 8.772223398544963, 78.99550500008755, 24.40901274480643, 33.14501859464245, 33.40872444399402, 13.450407218975549, 90.67358681476702, 8.884639467896829, 101.38709719637163, 61.979969655704295, 67.79641911181447, 76.10162367254843, 46.534767809396726, 67.82662109620753, 76.04727798573956, 101.01845649567822, 67.49721628512962, 81.31113238978429, 36.12825851581137, 71.00200524217114, 75.56113153368545, 22.046050673949562], [41.368430623661055, 11.264082900506885, 56.65497147014232, 42.11676135384678, 74.83621252673095, 85.38232934532861, 5.9667811258622585, 50.32965178223248, 79.16032814168268, 7.291337599710088, 64.01792905331874, 0.0, 86.96407052625234, 45.934872504207, 19.520115717862495, 35.92576466445786, 44.503882817888694, 66.54710595388113, 64.77565098426868, 38.9438537053787, 94.65415600516646, 79.5992447433378, 59.49170721123999, 15.62394333666766, 55.916746853825025, 37.835987933324, 52.04145182509253, 70.22942792230963, 71.34576641218173, 72.11744003650026, 66.45751856530119, 6.135958185252998, 12.798612587882495, 82.00781072002692, 20.142592861121948, 5.543519004922388, 57.75315861279272, 78.69182012751206, 92.62084049221473, 51.15629498263875, 28.150310145140438, 80.48809722682496, 96.4859887810132, 71.42036305978868], [46.04432420931893, 80.465585372971, 74.3663310860683, 73.99751795360751, 89.41373436356447, 33.96044463947356, 84.00486623963917, 37.86653141760657, 55.3942353362718, 90.2600471449961, 65.41515633505068, 86.96407052625234, 0.0, 50.22261504752933, 106.08048886778568, 52.87583554241953, 72.09214147066525, 22.659913184987083, 30.461432149709378, 48.617779143641144, 22.407390293840876, 14.756752084103999, 72.34880768906051, 94.19730722431085, 44.37893991031209, 83.63138428166631, 40.25983362820107, 53.89205164916906, 50.44304855660394, 70.45788564628116, 71.43589540093015, 81.20654621661127, 98.28049021389225, 19.596741378688805, 68.96771292036316, 86.47799548335954, 45.62227810064953, 58.580250133305775, 6.247961441095839, 58.53244426503213, 68.93862862193953, 14.688931870235933, 10.646768011075261, 44.658403204097944], [16.07410313121426, 36.06128223367177, 29.59135744266893, 59.37491438724762, 49.522252230388844, 39.66400164151341, 45.80613223606879, 29.088389955803265, 35.575718439370355, 51.82217679911621, 27.468398250235005, 45.934872504207, 50.22261504752933, 0.0, 65.07072906541121, 29.96990259763808, 59.541819617718794, 27.58369273587402, 21.32548255491174, 15.617280006752782, 51.01291724913913, 38.4523583051841, 29.449535518070615, 58.71221721299339, 9.9835634566404, 33.4491742440887, 10.052459137006357, 26.943435510341384, 64.16689262984774, 36.18330307293941, 73.92607377419843, 41.906341378185026, 54.10237746629864, 54.882072086683124, 25.83998530026774, 48.08238060469758, 49.10597675218721, 74.42700859703639, 54.444516444532766, 53.8430706289892, 20.44794617746152, 50.70231993848817, 60.84771271347025, 25.847762984057514], [60.795700848377805, 29.168437049021342, 71.80643767325816, 51.84025506887375, 87.81419464227012, 104.67057071663893, 22.15229365103537, 68.89005306545928, 97.12055982887894, 16.133122770803073, 80.69955235737736, 19.520115717862495, 106.08048886778568, 65.07072906541121, 0.0, 54.03840488373896, 54.69277578261474, 85.99768411846767, 84.27417090957908, 58.40575597907356, 114.17385379448943, 99.07934146466759, 75.043071754028, 16.325170812713356, 75.04338207306338, 50.641765409244805, 71.52316401381061, 88.26583440498898, 85.56834383873651, 88.20993669017233, 76.39481657669775, 24.91754528773699, 13.320474318113911, 99.9438980259535, 39.492342314772195, 19.72129079515484, 73.51272283345357, 91.55038863082709, 111.83263070907321, 64.69272106022804, 46.12981099295289, 98.86306313819254, 115.38414765475281, 90.19556330274942], [14.654908834748863, 32.965805707765455, 56.97918603229399, 29.788150993465425, 77.66545258295378, 60.62357482432997, 31.932194348351207, 15.05333996418914, 64.17180644344107, 37.94405960963408, 57.24855401627029, 35.92576466445786, 52.87583554241953, 29.96990259763808, 54.03840488373896, 0.0, 29.691352431694202, 35.68930291341173, 38.25437894410757, 14.394104231995483, 64.95134020052986, 48.607053741209484, 57.82511475359226, 41.33379857773335, 36.899761263438364, 50.56270227402317, 28.368723472273228, 56.11225610986733, 40.03933594204108, 66.05774214921317, 44.853167924495985, 29.821617603998426, 48.37743898211509, 46.098762487959505, 23.491038517391516, 34.3264325373942, 24.643804528627186, 49.37540170134489, 58.89626644481744, 24.815814539691118, 31.24586121166401, 44.824774831457894, 61.644741424542374, 52.567954029629206], [44.29024004898998, 49.08401017409919, 84.95571390534583, 2.975088517825269, 105.61622667483367, 88.10056972312842, 38.54477121954892, 38.59237426785676, 93.76739013084368, 41.21439846218204, 86.53193168111181, 44.503882817888694, 72.09214147066525, 59.541819617718794, 54.69277578261474, 29.691352431694202, 0.0, 61.18125089956004, 66.16810654549782, 44.06047249410389, 89.12471033124505, 72.69134007552832, 86.2728481813181, 38.37460469706874, 66.5245520968804, 74.11060215534881, 57.72371122599299, 85.79328078070301, 33.442560213175014, 95.39658631432627, 22.066383423217868, 39.72697369570294, 56.28093892259095, 57.99389035429834, 45.34137666787338, 39.65966822888613, 27.28599842361604, 37.43416368830986, 78.32049286844986, 14.28363132739422, 56.05279755791766, 59.62495859915934, 78.13662185204295, 81.9139837658032], [25.205947533518177, 59.006973148827214, 53.26414513630314, 62.34375961298285, 70.20193597136172, 27.519803720186534, 64.34698152466781, 22.65687081628795, 41.01051014899743, 70.69814999150917, 45.854893978581345, 66.54710595388113, 22.659913184987083, 27.58369273587402, 85.99768411846767, 35.68930291341173, 61.18125089956004, 0.0, 9.976251382846296, 27.603340667739573, 29.2750446041016, 13.17383878041526, 51.7131944425342, 75.68604632561377, 22.65487812234994, 61.022381581210425, 17.600034592326118, 36.55972308328459, 50.578774451659484, 52.36139415938808, 67.4083513088817, 61.13947053734665, 77.13470045195017, 30.280181225084156, 47.52764711592689, 66.83118994599998, 39.34873364529153, 60.61113652305521, 27.223239584032978, 49.920839573927715, 46.47564914612228, 25.153062248376866, 33.26890637256694, 28.380375283153437], [25.039812782875376, 56.01400089674003, 44.051846613162795, 66.94701306868058, 60.37568049991892, 22.37506422554418, 63.445259706411015, 28.032785757953853, 31.54861907475075, 69.75290125030455, 36.03548643987539, 64.77565098426868, 30.461432149709378, 21.32548255491174, 84.27417090957908, 38.25437894410757, 66.16810654549782, 9.976251382846296, 0.0, 26.882348245601463, 30.099281959787355, 17.330916067051287, 42.254723363640316, 75.60544684352713, 13.972417016862995, 53.938215671117305, 12.786507447888361, 26.62821343430891, 59.364328786393294, 42.392114257840916, 74.79554601858604, 59.88643543470554, 74.27554236862524, 40.2214222553232, 44.885873567207575, 65.88317166060938, 46.959186604676916, 69.56449210701378, 33.86206519567087, 56.257868911906726, 41.575924819058265, 35.00819377255195, 41.03627057979117, 18.763405972742277], [2.604712732279413, 31.849648457821896, 43.72670986272681, 44.039115292212195, 64.22825082439552, 48.884757517304884, 36.92484403767286, 16.661053898171506, 50.0412141174393, 43.27509968216364, 43.02293233919604, 38.9438537053787, 48.617779143641144, 15.617280006752782, 58.40575597907356, 14.394104231995483, 44.06047249410389, 27.603340667739573, 26.882348245601463, 0.0, 56.05197719174484, 40.67586041356793, 44.19672413005824, 48.78528281281306, 22.811663820189793, 41.16209198488748, 15.124508098367901, 41.82346290460732, 50.38535850186013, 51.782579032023584, 58.500616187283924, 33.59259890891492, 49.73916901576323, 47.478810584458074, 20.36244568987878, 39.39716978717865, 34.90356812141827, 60.41329943775022, 54.01911076002708, 38.37940858623581, 22.716235670085137, 44.55195772941374, 58.618601263760574, 38.84779923123256], [53.86092115662337, 86.10502821470699, 67.26434922149188, 90.5821023196175, 78.03809436019327, 17.385427621554935, 92.97024626180229, 51.33540467622695, 40.92378072972447, 99.31644579421794, 56.11367637788594, 94.65415600516646, 22.407390293840876, 51.01291724913913, 114.17385379448943, 64.95134020052986, 89.12471033124505, 29.2750446041016, 30.099281959787355, 56.05197719174484, 0.0, 16.52974408339389, 64.39428740209183, 104.68853855196242, 42.07579130982198, 81.85541527717274, 42.866511223976836, 42.856832126651284, 71.75172307981973, 58.618279681724026, 91.77745310192049, 89.56051383677624, 104.36920638831765, 41.90900913658053, 74.91600408923797, 95.43778630127946, 64.52597781177059, 80.4445449510355, 19.077433796714956, 76.65475051265106, 71.44672487493447, 36.69172929010989, 27.158768969913172, 34.12576981196097], [38.32536422207593, 71.75267498027777, 60.28212898883915, 74.09998481126621, 74.74015581889012, 20.758390351304595, 77.49837977741112, 34.80975332418676, 40.800645734024144, 83.85103778466939, 50.8742754678688, 79.5992447433378, 14.756752084103999, 38.4523583051841, 99.07934146466759, 48.607053741209484, 72.69134007552832, 13.17383878041526, 17.330916067051287, 40.67586041356793, 16.52974408339389, 0.0, 58.07381568628264, 88.85485499172165, 31.1680887840635, 71.26803586946376, 29.09306782018186, 39.14698296122854, 57.38187861256358, 55.71840721459451, 76.39536366192087, 74.25540666284286, 89.96011739424986, 30.519906927535597, 60.33530685163182, 79.98120024788712, 48.70069003957007, 66.71774603098088, 16.83154511734095, 60.4714246675043, 58.350847623154465, 24.85624853951493, 24.68726972450392, 29.903593048803305], [45.194380437790215, 48.257828993886406, 3.7404564681414145, 85.57450166473147, 20.088638935547195, 47.802930537709244, 62.15804857953217, 58.51944813432028, 28.134456955912174, 66.68829861268804, 8.772223398544963, 59.49170721123999, 72.34880768906051, 29.449535518070615, 75.043071754028, 57.82511475359226, 86.2728481813181, 51.7131944425342, 42.254723363640316, 44.19672413005824, 64.39428740209183, 58.07381568628264, 0.0, 74.86925479575505, 29.266098775245624, 25.73525329255913, 37.28479925931481, 22.102254451693767, 93.61412261975373, 13.389977967932595, 102.58432653343301, 58.20303686841073, 61.88861362460548, 81.63153817326277, 43.711702875099164, 63.7555264676492, 78.52584251237121, 103.87622568039026, 74.85311537121866, 82.46324060047745, 32.64822000901093, 76.76920923501271, 82.69824938579016, 30.27340538223377], [50.859716598434744, 26.657379690113537, 72.12672836043963, 35.515977050218005, 90.45998716210401, 97.196825177504, 13.099199923396528, 56.38144581564289, 93.21160613368623, 8.338264162613628, 78.99550500008755, 15.62394333666766, 94.19730722431085, 58.71221721299339, 16.325170812713356, 41.33379857773335, 38.37460469706874, 75.68604632561377, 75.60544684352713, 48.78528281281306, 104.68853855196242, 88.85485499172165, 74.86925479575505, 0.0, 68.53610137556441, 53.41067346036493, 63.266419820141174, 84.27598268289009, 69.69603830355287, 87.28238714026705, 60.084054133822924, 17.13912014024491, 21.31332561428856, 86.16100933736179, 33.278170321734606, 11.169363265637196, 58.3586503752606, 75.36104637953078, 100.182570555603, 48.78468762213158, 42.87679665482703, 85.63663814790931, 102.91223651096965, 84.54831436232881], [22.248330717260675, 45.9949450802719, 30.63606844015449, 66.68707706212977, 48.4366677483512, 29.780052771198466, 55.697039722531215, 32.03279180275282, 27.27429042555615, 61.75650641543985, 24.40901274480643, 55.916746853825025, 44.37893991031209, 9.9835634566404, 75.04338207306338, 36.899761263438364, 66.5245520968804, 22.65487812234994, 13.972417016862995, 22.811663820189793, 42.07579130982198, 31.1680887840635, 29.266098775245624, 68.53610137556441, 0.0, 40.24997470741075, 9.446709256290193, 19.38882350281938, 66.62322887174614, 32.157853233985186, 78.89577171247801, 51.826116146837684, 63.953098793686, 52.36651363285992, 35.81036534312018, 57.99711110623532, 52.43643485519481, 76.98170852303052, 47.8188139823078, 59.156157675683325, 29.968647637144706, 47.54819013785931, 54.98156610425675, 16.28587116349894], [43.34197485384607, 27.58138150475695, 22.129252238245513, 72.6301792849235, 37.376894428270305, 67.33709103803311, 41.98220726220901, 57.821359657895954, 52.104284069638226, 45.080982225627906, 33.14501859464245, 37.835987933324, 83.63138428166631, 33.4491742440887, 50.641765409244805, 50.56270227402317, 74.11060215534881, 61.022381581210425, 53.938215671117305, 41.16209198488748, 81.85541527717274, 71.26803586946376, 25.73525329255913, 53.41067346036493, 40.24997470741075, 0.0, 43.48944880982507, 44.272201054635985, 90.37916830599245, 39.106547705187246, 93.75486478003707, 38.52249822978158, 37.322315622703506, 87.3910478928132, 28.85657179691224, 42.94031515114869, 74.80671170985562, 99.91781586711738, 87.65587854415813, 74.54159228820336, 19.321653228034812, 83.62589363069527, 94.26863863312354, 49.846072402292705], [13.891155079397368, 43.23853508933392, 38.07777151465756, 58.06011878069936, 56.991821898027744, 33.966635172419366, 50.89406518046285, 22.59296002602358, 36.15667781710486, 57.16693407763056, 33.40872444399402, 52.04145182509253, 40.25983362820107, 10.052459137006357, 71.52316401381061, 28.368723472273228, 57.72371122599299, 17.600034592326118, 12.786507447888361, 15.124508098367901, 42.866511223976836, 29.09306782018186, 37.28479925931481, 63.266419820141174, 9.446709256290193, 43.48944880982507, 0.0, 28.683866391362567, 57.32147620963895, 41.44718753846537, 69.49473849348729, 47.26011589401025, 61.503077293743765, 45.19556627871129, 32.103720215678294, 53.309766397593876, 43.00594688560441, 67.67672345081085, 44.65625755243768, 49.835245776724186, 29.26084934303211, 40.83524831456979, 50.86448147979628, 24.21782298646455], [41.51197822460867, 59.329968671848064, 25.39918298801585, 85.85620189432002, 35.791211053118126, 25.868091541496117, 71.1840347847257, 51.04257891185576, 8.941345681475388, 76.79830510040105, 13.450407218975549, 70.22942792230963, 53.89205164916906, 26.943435510341384, 88.26583440498898, 56.11225610986733, 85.79328078070301, 36.55972308328459, 26.62821343430891, 41.82346290460732, 42.856832126651284, 39.14698296122854, 22.102254451693767, 84.27598268289009, 19.38882350281938, 44.272201054635985, 28.683866391362567, 0.0, 84.92692018378422, 16.575349918371927, 98.16041717619618, 67.15901670559984, 75.95226475035702, 66.57937545992829, 51.006536891081026, 73.27159704829756, 71.30392059419863, 95.25239544128975, 55.34183313088895, 78.51038452779497, 42.21478465486045, 61.1901395072833, 63.65300086444162, 9.288993362279012], [48.846661813881326, 71.66947045549254, 93.63221067846032, 36.35251989475212, 113.67097893680769, 77.15176336021258, 65.89873478448553, 35.11133474062154, 90.84235314722014, 70.35773560442132, 90.67358681476702, 71.34576641218173, 50.44304855660394, 64.16689262984774, 85.56834383873651, 40.03933594204108, 33.442560213175014, 50.578774451659484, 59.364328786393294, 50.38535850186013, 71.75172307981973, 57.38187861256358, 93.61412261975373, 69.69603830355287, 66.62322887174614, 90.37916830599245, 57.32147620963895, 84.92692018378422, 0.0, 98.75890185720277, 22.14144015772691, 65.46725767508522, 84.09081454029953, 31.768045081122317, 63.36466018506144, 67.73881112204236, 15.591966182545132, 10.358480654424065, 55.983174231924714, 20.911379756432666, 71.08224844468936, 35.81205974085151, 52.76902697087157, 78.02596791762156], [52.1965742806173, 60.85338740016287, 16.986845291319778, 95.01038881745585, 19.435201149258486, 41.28203825470006, 74.37920051422424, 63.942958958007345, 18.44572268376927, 79.22026803320847, 8.884639467896829, 72.11744003650026, 70.45788564628116, 36.18330307293941, 88.20993669017233, 66.05774214921317, 95.39658631432627, 52.36139415938808, 42.392114257840916, 51.782579032023584, 58.618279681724026, 55.71840721459451, 13.389977967932595, 87.28238714026705, 32.157853233985186, 39.106547705187246, 41.44718753846537, 16.575349918371927, 98.75890185720277, 0.0, 110.02778128461605, 70.3665805972774, 75.12417326431539, 82.60353442271676, 55.15303218612702, 76.11878745126857, 84.35583025767784, 109.11630019696824, 71.88358224211385, 89.98622987947414, 44.52314472172412, 77.3218582840714, 80.22081193497651, 25.853401948403164], [57.857216487286905, 70.251359065684, 101.82584726169947, 24.723967608291815, 122.4966999911445, 94.86659705237263, 60.5161876050117, 47.27759350420904, 105.20003275364658, 63.27497703649853, 101.38709719637163, 66.45751856530119, 71.43589540093015, 73.92607377419843, 76.39481657669775, 44.853167924495985, 22.066383423217868, 67.4083513088817, 74.79554601858604, 58.500616187283924, 91.77745310192049, 76.39536366192087, 102.58432653343301, 60.084054133822924, 78.89577171247801, 93.75486478003707, 69.49473849348729, 98.16041717619618, 22.14144015772691, 110.02778128461605, 0.0, 61.465001325478255, 78.34294387258655, 53.53807453631651, 64.97280831050554, 61.7009591586495, 28.06036622896888, 19.897277027627723, 77.2486146704285, 20.126889377209242, 74.88562576137376, 57.08626443700825, 74.64226971149127, 92.60106950275883], [35.935179230968906, 10.952746067443085, 55.63716868845125, 37.52285361131041, 74.67253433096911, 80.94343511093452, 4.046007449500431, 44.326865379704174, 76.09768546424894, 9.948724050859816, 61.979969655704295, 6.135958185252998, 81.20654621661127, 41.906341378185026, 24.91754528773699, 29.821617603998426, 39.72697369570294, 61.13947053734665, 59.88643543470554, 33.59259890891492, 89.56051383677624, 74.25540666284286, 58.20303686841073, 17.13912014024491, 51.826116146837684, 38.52249822978158, 47.26011589401025, 67.15901670559984, 65.46725767508522, 70.3665805972774, 61.465001325478255, 0.0, 18.868385832837024, 75.91614477097484, 16.20945783690967, 6.1777740048395415, 51.703772024431515, 73.01835573242911, 86.92890517946199, 45.48550549188858, 25.85839488087041, 74.46282899460562, 90.62068132242631, 67.66787632168777], [52.278801961057205, 18.26582861676282, 58.59931484469542, 53.718139535437764, 74.5117334491387, 93.7313754927109, 18.25548415239678, 62.41733918332886, 84.72062660923454, 15.272645863626687, 67.79641911181447, 12.798612587882495, 98.28049021389225, 54.10237746629864, 13.320474318113911, 48.37743898211509, 56.28093892259095, 77.13470045195017, 74.27554236862524, 49.73916901576323, 104.36920638831765, 89.96011739424986, 61.88861362460548, 21.31332561428856, 63.953098793686, 37.322315622703506, 61.503077293743765, 75.95226475035702, 84.09081454029953, 75.12417326431539, 78.34294387258655, 18.868385832837024, 0.0, 94.32896885936384, 29.62619516026128, 16.70802425347789, 70.54974059783561, 91.2775098789744, 103.7542786001242, 63.77123156516774, 34.26877127705554, 92.56979060109684, 108.06602344665313, 78.50551673635748], [44.96604759321536, 77.83759486932318, 82.89483130462249, 60.33522779069979, 100.43842443874546, 51.264561560279205, 77.95407448535245, 32.09254850643679, 70.04993905948643, 83.81078003249904, 76.10162367254843, 82.00781072002692, 19.596741378688805, 54.882072086683124, 99.9438980259535, 46.098762487959505, 57.99389035429834, 30.280181225084156, 40.2214222553232, 47.478810584458074, 41.90900913658053, 30.519906927535597, 81.63153817326277, 86.16100933736179, 52.36651363285992, 87.3910478928132, 45.19556627871129, 66.57937545992829, 31.768045081122317, 82.60353442271676, 53.53807453631651, 75.91614477097484, 94.32896885936384, 0.0, 66.87877104660666, 80.30489416561947, 30.715249272926606, 39.20982880206233, 24.53819851760305, 43.76503874078955, 70.02514082705267, 5.668649310976734, 21.1136603574076, 57.93884479282828], [22.953417732641736, 11.509186385861872, 41.60056485631702, 43.99358073280356, 61.67479483913444, 65.24250787872742, 20.20424791358256, 34.87633412146819, 59.93865726457596, 26.04142586339045, 46.534767809396726, 20.142592861121948, 68.96771292036316, 25.83998530026774, 39.492342314772195, 23.491038517391516, 45.34137666787338, 47.52764711592689, 44.885873567207575, 20.36244568987878, 74.91600408923797, 60.33530685163182, 43.711702875099164, 33.278170321734606, 35.81036534312018, 28.85657179691224, 32.103720215678294, 51.006536891081026, 63.36466018506144, 55.15303218612702, 64.97280831050554, 16.20945783690967, 29.62619516026128, 66.87877104660666, 0.0, 22.373326480079058, 48.10444742631667, 72.36740720877626, 74.30306732778494, 46.090015916709945, 11.246213244324966, 64.43316061688141, 78.97567429946031, 51.50289785153498], [41.66871357426033, 15.672999248342151, 61.063261445438556, 37.16447193747068, 79.67395791516631, 87.0600699109295, 2.486837525320488, 49.17219130593763, 82.21223920958222, 3.878667188229974, 67.82662109620753, 5.543519004922388, 86.47799548335954, 48.08238060469758, 19.72129079515484, 34.3264325373942, 39.65966822888613, 66.83118994599998, 65.88317166060938, 39.39716978717865, 95.43778630127946, 79.98120024788712, 63.7555264676492, 11.169363265637196, 57.99711110623532, 42.94031515114869, 53.309766397593876, 73.27159704829756, 67.73881112204236, 76.11878745126857, 61.7009591586495, 6.1777740048395415, 16.70802425347789, 80.30489416561947, 22.373326480079058, 0.0, 54.72196661779459, 74.67185436064764, 92.2876990580289, 47.21994518456902, 31.711378627376376, 79.15003341797933, 95.69539628951476, 73.84507705151717], [33.48208310601175, 56.94889461079616, 78.38679464080006, 29.62800532842108, 98.61239632193407, 66.8122795906687, 52.6655792542669, 20.421834708618295, 77.86148049372417, 57.720312046838266, 76.04727798573956, 57.75315861279272, 45.62227810064953, 49.10597675218721, 73.51272283345357, 24.643804528627186, 27.28599842361604, 39.34873364529153, 46.959186604676916, 34.90356812141827, 64.52597781177059, 48.70069003957007, 78.52584251237121, 58.3586503752606, 52.43643485519481, 74.80671170985562, 43.00594688560441, 71.30392059419863, 15.591966182545132, 84.35583025767784, 28.06036622896888, 51.703772024431515, 70.54974059783561, 30.715249272926606, 48.10444742631667, 54.72196661779459, 0.0, 25.510085996169998, 51.76257705126204, 13.131192535251124, 55.523518449404555, 32.48179594980133, 50.975205073748334, 65.12642364663193], [58.96871587302529, 80.0199039964854, 103.83346458471487, 40.40548516012003, 123.94571361419398, 86.81980925718862, 73.02350698112846, 45.41273816648281, 101.0806193271179, 76.9658836551452, 101.01845649567822, 78.69182012751206, 58.580250133305775, 74.42700859703639, 91.55038863082709, 49.37540170134489, 37.43416368830986, 60.61113652305521, 69.56449210701378, 60.41329943775022, 80.4445449510355, 66.71774603098088, 103.87622568039026, 75.36104637953078, 76.98170852303052, 99.91781586711738, 67.67672345081085, 95.25239544128975, 10.358480654424065, 109.11630019696824, 19.897277027627723, 73.01835573242911, 91.2775098789744, 39.20982880206233, 72.36740720877626, 74.67185436064764, 25.510085996169998, 0.0, 63.74700635232166, 27.539430693509047, 80.59622979369848, 43.909566151843975, 59.54269045117614, 88.26614125216985], [51.47573043061512, 85.81222311709054, 77.10393945969508, 80.23789210730072, 91.10901847682133, 33.226501209266054, 89.80859105215657, 43.93336881987362, 55.848680159728396, 96.09001240116082, 67.49721628512962, 92.62084049221473, 6.247961441095839, 54.444516444532766, 111.83263070907321, 58.89626644481744, 78.32049286844986, 27.223239584032978, 33.86206519567087, 54.01911076002708, 19.077433796714956, 16.83154511734095, 74.85311537121866, 100.182570555603, 47.8188139823078, 87.65587854415813, 44.65625755243768, 55.34183313088895, 55.983174231924714, 71.88358224211385, 77.2486146704285, 86.92890517946199, 103.7542786001242, 24.53819851760305, 74.30306732778494, 92.2876990580289, 51.76257705126204, 63.74700635232166, 0.0, 64.71550773682756, 73.69781554399303, 20.19899903510707, 8.623185442264854, 46.05363812701902], [37.79079556284006, 52.82020318732197, 81.74021815572742, 16.81673228931652, 102.39442613072232, 77.36461184449348, 45.51625696544757, 28.252241289326125, 85.83696186339859, 49.66045278947504, 81.31113238978429, 51.15629498263875, 58.53244426503213, 53.8430706289892, 64.69272106022804, 24.815814539691118, 14.28363132739422, 49.920839573927715, 56.257868911906726, 38.37940858623581, 76.65475051265106, 60.4714246675043, 82.46324060047745, 48.78468762213158, 59.156157675683325, 74.54159228820336, 49.835245776724186, 78.51038452779497, 20.911379756432666, 89.98622987947414, 20.126889377209242, 45.48550549188858, 63.77123156516774, 43.76503874078955, 46.090015916709945, 47.21994518456902, 13.131192535251124, 27.539430693509047, 64.71550773682756, 0.0, 55.41246185453454, 45.60635672657069, 64.10484160170161, 73.41875326811271], [25.1284622616944, 17.118427731493515, 30.407757655944838, 54.87469820461107, 50.43073451267434, 59.69160148208414, 29.88507808290193, 39.23685003365578, 51.11774546511616, 34.993137081520395, 36.12825851581137, 28.150310145140438, 68.93862862193953, 20.44794617746152, 46.12981099295289, 31.24586121166401, 56.05279755791766, 46.47564914612228, 41.575924819058265, 22.716235670085137, 71.44672487493447, 58.350847623154465, 32.64822000901093, 42.87679665482703, 29.968647637144706, 19.321653228034812, 29.26084934303211, 42.21478465486045, 71.08224844468936, 44.52314472172412, 74.88562576137376, 25.85839488087041, 34.26877127705554, 70.02514082705267, 11.246213244324966, 31.711378627376376, 55.523518449404555, 80.59622979369848, 73.69781554399303, 55.41246185453454, 0.0, 66.78234374981872, 79.38189028931832, 44.243800057245494], [41.979792220674675, 75.61877517017791, 78.1647589049425, 61.78967490849441, 95.34994330354287, 45.606246819925936, 76.74783674191443, 30.169456860789253, 64.48204108197073, 82.76090931116538, 71.00200524217114, 80.48809722682496, 14.688931870235933, 50.70231993848817, 98.86306313819254, 44.824774831457894, 59.62495859915934, 25.153062248376866, 35.00819377255195, 44.55195772941374, 36.69172929010989, 24.85624853951493, 76.76920923501271, 85.63663814790931, 47.54819013785931, 83.62589363069527, 40.83524831456979, 61.1901395072833, 35.81205974085151, 77.3218582840714, 57.08626443700825, 74.46282899460562, 92.56979060109684, 5.668649310976734, 64.43316061688141, 79.15003341797933, 32.48179594980133, 43.909566151843975, 20.19899903510707, 45.60635672657069, 66.78234374981872, 0.0, 18.512026611777113, 52.46038884378328], [56.023150093621865, 90.43750719262246, 84.8070113824701, 80.2898477376892, 99.35999627121667, 41.84765662972689, 93.24202822003878, 46.60820986721292, 64.40964711379846, 99.42129764208178, 75.56113153368545, 96.4859887810132, 10.646768011075261, 60.84771271347025, 115.38414765475281, 61.644741424542374, 78.13662185204295, 33.26890637256694, 41.03627057979117, 58.618601263760574, 27.158768969913172, 24.68726972450392, 82.69824938579016, 102.91223651096965, 54.98156610425675, 94.26863863312354, 50.86448147979628, 63.65300086444162, 52.76902697087157, 80.22081193497651, 74.64226971149127, 90.62068132242631, 108.06602344665313, 21.1136603574076, 78.97567429946031, 95.69539628951476, 50.975205073748334, 59.54269045117614, 8.623185442264854, 64.10484160170161, 79.38189028931832, 18.512026611777113, 0.0, 54.367904657103246], [37.98461936292717, 61.02718126422506, 33.218441751437226, 82.27765753562285, 45.067378627910315, 17.795342249204573, 71.601984376926, 45.34059891201832, 12.816385889671672, 77.5432830360305, 22.046050673949562, 71.42036305978868, 44.658403204097944, 25.847762984057514, 90.19556330274942, 52.567954029629206, 81.9139837658032, 28.380375283153437, 18.763405972742277, 38.84779923123256, 34.12576981196097, 29.903593048803305, 30.27340538223377, 84.54831436232881, 16.28587116349894, 49.846072402292705, 24.21782298646455, 9.288993362279012, 78.02596791762156, 25.853401948403164, 92.60106950275883, 67.66787632168777, 78.50551673635748, 57.93884479282828, 51.50289785153498, 73.84507705151717, 65.12642364663193, 88.26614125216985, 46.05363812701902, 73.41875326811271, 44.243800057245494, 52.46038884378328, 54.367904657103246, 0.0]]}, {"instance_id": "clustered_22_432652533", "n_customers": 22, "depot": [50.0, 50.0], "customers": [[60.22326850844955, 58.470639495604956], [14.105636880901656, 55.35761650453649], [83.40511716472378, 32.22125726553934], [70.53958568126693, 75.25966521033928], [26.668900985156185, 59.839901522766596], [93.03517978678941, 44.648844393098884], [80.52458968193308, 68.92057619312111], [8.261316136870853, 60.5866418461475], [97.85956075980846, 43.67992106414596], [61.90567987509998, 82.79115216892515], [15.688451626913258, 59.401466449881056], [94.05023101171564, 44.88056116317159], [68.32561298443053, 82.40944940131232], [16.133245240699527, 68.11017236388541], [86.55512811327088, 32.998302961435186], [66.24597952312739, 68.80668569615379], [4.448478978122857, 46.52895330234371], [92.60993308438583, 37.4608694151864], [59.61459999851361, 67.27223561343362], [3.47774033200265, 51.90544935209395], [88.89368434644817, 21.714466776227155], [79.6441711048402, 75.26878331632658]], "demands": [9, 3, 2, 1, 2, 10, 4, 7, 2, 5, 10, 6, 2, 6, 9, 7, 3, 4, 6, 7, 1, 7], "capacity": 50, "distance_matrix": [[0.0, 13.276556498594012, 36.29200129967166, 37.841584877051076, 32.55649346131321, 25.321213304622475, 43.36659504285017, 35.91293330723733, 43.060361310662955, 48.27505519289671, 34.88559693991154, 35.57625504696793, 44.34671922690044, 37.23171365585195, 38.40488798286281